7821,1299
0,271,511,1115,1470,1731
0,0,1,2
0,2
0,3
0,4,5,6
0,7,8,9,10,11,12,13,14,15,16,17
0,18
0,19,20,21,22,23
0,24,25,26,27,28,29,30
0,27
0,31,32,33,34,35,36,37
0,38,39,40,41,42,43,44
0,45,46,47,48,49,50,51
0,52,53,54,55,58
0,56,57,58,59,60,61,62,63
0,64
0,65,66,67,68
0,69,70,71
0,72,73,74,75
0,76
0,77,78,79,80
0,81
0,82
0,83
0,84
1,85
1,86
1,87
1,88
1,89
1,90,91,92
1,93,94
1,95
1,96
1,97
1,98
1,99,100
1,101,102
1,103,104
1,105
1,106
1,107
1,108
1,109
1,110,112
1,111
1,113
1,114,115
1,116
1,117
1,118
1,119,120,121
1,122
1,123,124
1,125
1,126
1,127
1,128,129,130
1,131
1,132
1,133
2,134,135,136
2,137,138,139,140,141,142,143,144,145,146
2,147
2,148
2,149
2,150,151,152,153,154,155,156,157
2,158,159
2,160,161
2,162,163,164,165,166,167,168,169,170
2,171,172,173,174,175,176,177
2,175
2,178
2,179
2,180
2,181
2,182,184
2,183
2,184,185